# this is a unit ID list of all player controllable units from the editor.

units = [1300, 850, 825, 1126, 492, 4, 1237, 1120, 299, 1258, 1132, 692, 36, 876, 118, 897, 1007, 329, 420, 778, 422,
         1004, 1338, 40, 283, 39, 275, 567, 73, 748, 882, 771, 1655, 705, 1596, 1598, 1600, 24, 1723, 1104, 527, 846,
         1302, 751, 753, 894, 873, 1128, 1122, 1134, 694, 878, 1009, 691, 1006, 553, 559, 773, 1657, 752, 875, 1015,
         1012, 868, 555, 1706, 726, 557, 881, 1125, 1230, 1233, 1227, 1253, 1236, 533, 530, 871, 556, 561, 1703, 1003,
         765, 1131, 560, 1659, 1018, 6, 1372, 757, 554, 531, 832, 558, 829, 534, 259, 532, 1103, 529, 56, 13, 188, 1263,
         1697, 1663, 120, 860, 442, 539, 1013, 1010, 866, 1060, 579, 1243, 359, 5, 330, 474, 493, 528, 892, 542, 76,
         814, 1356, 1602, 1604, 1606, 1709, 122, 41, 441, 1704, 207, 1155, 1291, 1374, 725, 46, 15, 879, 1123, 1228,
         1275, 434, 1231, 38, 1225, 1252, 1, 1234, 546, 305, 77, 250, 8, 123, 869, 282, 75, 280, 11, 1572, 74, 775, 125,
         286, 1568, 0, 1145, 361, 1701, 550, 1001, 1271, 1273, 569, 639, 440, 1577, 1245, 358, 763, 1023, 1400, 1292,
         1129, 1304, 156, 52, 291, 279, 448, 1658, 1222, 594, 592, 1016, 588, 548, 1105, 7, 185, 93, 1370, 124, 755, 25,
         281, 854, 1377, 128, 204, 17, 545, 42, 331, 833, 831, 473, 293, 83, 239, 21, 827, 1142, 1707, 232, 1570]
